80
131
145
146
168
176
178
203
211
279
302
303
1763
1825
1837
1868
1943
1995
1997
1999
2009
2013
2046
2488
2490
2492
2615
2621
2623
2625
2626
2642
2657
2668
2966
2967
2972
2988
2991
2996
3022
3025
3027
3055
3061
3064
3065
3067
3488
3678
3951
3979
3990
4011
4047
4049
4072
4250
4251
4356
4855
4875
4878
4962
4972
5057
5380
5920
6030
6035
6096
6396
6439
6449
6465
6627
6685
6703
6709
6719
6721
6781
6817
6820
6824
6855
6875
6879
6886
6890
6897
6899
6904
6940
6941
6947
7014
7079
7186
7191
7202
7249
7263
7319
7377
7445
7664
7666
7691
7694
7717
7736
7758
7763
7789
7790
7832
7866
7902
7911
7912
7925
8228
8368
8604
8643
8660
8680
8692
8696
8704
8710
8720
8721
8723
8754
8769
8774
8780
8788
8789
8791
8801
8803
8805
8808
8816
8820
8822
8824
8827
8828
8835
8846
8853
8859
8865
8866
8867
8868
8869
8871
8872
8875
8877
8878
8880
8883
8885
8892
8893
8895
8897
8898
8899
8900
8901
8904
8905
8906
8912
8913
8919
8920
8921
8923
8924
8925
8928
8930
8931
8940
8945
8946
8947
8949
8952
8959
8960
8962
8964
8968
8971
8972
8974
8977
8978
8979
8981
8984
8988
8990
8992
8993
8996
8998
8999
9000
9004
9005
9012
9017
9021
9022
9023
9025
9026
9027
9029
9030
9036
9037
9038
9039
9040
9043
9050
9065
9068
9076
9082
9117
9135
9408
9540
9541
9542
9563
9567
9568
9832
9848
9849
9856
9872
9913
9938
9955
9959
9965
9982
10067
10078
10178
10180
10219
10226
10228
10230
11529
11938
12504
12527
12580
12589
12590
12609
12671
12679
12799
13723
14564
14568
14572
14574
14576
14578
14579
14580
14581
14582
14583
14585
14588
14590
14594
14595
14599
14601
14602
14603
14605
14608
14696
14698
14700
14701
14702
14704
14706
14712
14717
14718
14719
14723
14724
14726
14728
14729
14732
14733
14735
14737
14739
14773
14774
14778
14779
14786
14788
14789
15408
16567
16571
16572
16956
16958
16960
16961
16962
16963
16965
16967
16969
16970
16973
16976
16979
16981
16985
16987
16988
16991
17068
17069
17085
17089
17090
17096
17097
17099
17103
17104
17108
17112
17115
17119
17120
17123
17124
17125
17126
17127
17129
17131
17133
17134
17193
17198
17199
17201
17202
17203
17205
17207
17208
17305
17390
17757
18002
18070
18249
18250
18410
18418
18532
18621
18697
18698
18755
18899
18990
19033
19089
19236
19268
19269
19298
19509
19600
19613
19614
19755
19759
19843
19963
20031
20062
20229
20230
20259
20397
20465
20671
20729
20735
20754
20795
20796
20866
20868
21064
21093
21110
21111
21171
21181
21263
21374
21426
21581
21765
21845
21942
21978
22013
22023
22079
22102
22114
22122
22230
22243
22480
22481
22510
22615
22624
22625
22692
22739
22791
22809
22888
22945
23044
23097
23098
23156
23157
23163
23275
23278
23279
23379
23520
23536
23559
23612
23664
23730
23757
23897
23909
23911
24006
24035
24150
24276
24319
24649
24680
24739
42
122
136
566
604
607
619
667
721
723
728
816
864
1121
1215
1315
1421
1574
1659
1695
1901
2250
2257
2648
5608
5833
6402
6447
7755
8023
8888
8911
9348
9428
9562
9810
10063
10437
11476
12158
12321
12338
12372
12404
12711
12865
12923
12934
13711
16353
24023
24934
24935
24963
24996
24997
24998
25082
25083
25113
25114
25115
25116
25215
25216
25274
25276
25280
25281
25284
25285
25350
25351
25420
25460
25461
25462
25477
25579
25662
25666
25667
25668
25682
25683
25684
25784
25785
25788
25789
25845
25850
25856
26008
26016
26022
26028
26046
26048
26049
26051
26052
26055
26056
26057
234
591
752
789
1104
1165
1200
1226
1314
1900
2513
4626
6140
6387
7344
9282
9801
12825
12829
12846
12849
12875
12876
12902
14056
15234
15241
15251
15253
15489
23571
24960
24961
24962
25035
25036
25097
25098
25099
25204
25206
25224
25225
25248
25249
25335
25558
25654
25657
25844
25896
25897
25912
25991
26058
26087
81
91
95
97
99
171
356
1732
4019
4420
4478
5038
5265
5399
5401
5559
5591
5809
5887
6956
6957
6960
6968
6978
6981
7017
7028
7046
7047
7061
7083
7118
7119
7190
7199
7210
7214
7216
7218
7225
7260
7264
7281
7286
7347
7350
7354
7380
7408
7419
7432
7450
7484
7494
7500
7504
7509
7554
7573
7588
7593
7594
7601
7602
7616
7620
7629
7637
7676
7701
7704
7711
7727
7738
7752
7787
7801
7831
7923
7934
7952
7966
7980
8000
8031
8121
8134
8145
8206
8299
8319
8361
8474
8543
8571
8707
8787
8861
8922
9079
9222
9224
9343
9439
9448
9495
9578
9586
9615
9750
9844
9934
9939
9944
9948
9997
10064
10065
10066
10074
10075
10097
10108
10119
10352
10411
10425
10431
10432
10433
10453
10466
10472
10478
10491
10539
10622
10729
10743
10778
10851
10864
11136
11227
11280
11326
11394
11409
11417
11456
11569
11587
11692
11884
11935
12017
12297
12312
12322
12889
12959
13036
13523
16055
16359
16391
16398
16420
16455
16464
16695
16757
16798
17007
17028
17082
17210
17217
17218
17222
17285
17306
17333
17352
17378
17391
17470
17528
17570
17576
17608
18062
18544
18797
18986
19232
19801
20002
20276
20524
20686
20723
20848
21131
21132
21308
21401
21621
21811
22056
22179
22449
22569
22647
22711
22848
23016
23277
23366
23562
23863
23912
24094
24101
24350
24718
24807
24942
25422
582
643
1409
1419
2296
2300
2309
2325
2343
2356
2361
2370
2386
2404
2411
2412
2419
2443
2458
2477
2512
2523
2593
2613
2618
2666
2667
2695
2701
2748
2770
2790
2791
2886
2899
2922
2927
2990
3050
3052
3054
3093
3110
3116
3143
3156
3193
3214
3267
3279
3304
3306
3367
3415
3440
3469
3494
3521
3959
3967
3968
3969
3970
4023
4525
5495
6644
6652
6671
7416
8730
9064
9190
10802
11212
11216
11229
11236
11238
11240
11242
11244
11245
11249
11359
11372
11374
11377
11396
11399
11405
11415
11422
11427
11430
11431
11432
11435
11437
11441
11443
11448
11449
11450
11455
11457
11468
11471
11473
11477
12146
12147
12862
13945
14007
14008
14010
14011
14014
14015
14017
14018
14019
14020
14021
14024
14025
14026
14027
14028
14030
14034
14037
14040
14046
14053
14054
14080
14081
14082
14083
14084
14085
14086
14088
14091
14094
14099
14101
14104
14108
14765
16921
16926
16938
16968
16971
16972
16974
16975
16980
16984
16986
16995
18396
18596
19503
19891
19982
20080
20423
20720
20885
21338
21554
21721
21785
21919
22234
22457
22685
22823
22931
23138
23391
23565
23850
24103
24506
25537
25738
25780
