10954
11017
11018
11019
11020
11021
11022
11023
11065
11066
11073
11074
11127
11128
11129
11130
11131
11132
11133
11134
11135
11136
11137
11138
11140
11141
11142
11179
11180
11181
11184
11185
11186
11188
11189
11190
11208
11222
11244
11245
11246
11247
11248
11249
11250
11251
11252
11253
11254
11255
11256
11257
11258
11259
11260
11261
11262
11301
11302
11303
11304
11307
11308
11309
11310
11311
11312
11313
11330
11331
11332
11346
11365
11366
11367
11368
11369
11370
11371
11372
11373
11374
11375
11376
11377
11378
11379
11380
11381
11382
11383
11384
11385
11386
11388
11427
11428
11429
11430
11431
11432
11433
11434
11435
11436
11437
11438
11439
11440
11441
11442
11457
11458
11459
11460
11461
11474
11491
11492
11493
11494
11495
11496
11497
11498
11499
11500
11501
11502
11503
11504
11505
11506
11507
11508
11509
11510
11511
11512
11513
11514
11517
11518
11559
11560
11561
11562
11563
11564
11565
11566
11567
11568
11569
11570
11571
11572
11573
11574
11575
11588
11589
11590
11591
11592
11593
11594
11606
11622
11623
11624
11625
11626
11627
11628
11629
11630
11631
11632
11633
11634
11635
11636
11637
11638
11639
11640
11641
11642
11643
11644
11645
11646
11647
11648
11652
11653
11696
11697
11698
11699
11700
11701
11702
11703
11704
11705
11706
11707
11708
11709
11710
11711
11712
11713
11714
11721
11722
11727
11728
11729
11730
11731
11732
11733
11758
11759
11760
11761
11762
11763
11764
11765
11766
11767
11768
11769
11770
11771
11772
11773
11774
11775
11776
11777
11778
11779
11780
11781
11782
11783
11784
11785
11786
11790
11791
11832
11833
11834
11835
11836
11837
11838
11839
11840
11841
11842
11843
11844
11845
11846
11847
11848
11849
11850
11851
11852
11853
11860
11861
11862
11863
11866
11867
11868
11869
11870
11871
11872
11894
11895
11896
11897
11898
11899
11900
11901
11902
11903
11904
11905
11906
11907
11908
11909
11910
11911
11912
11913
11914
11915
11916
11917
11918
11919
11920
11921
11922
11923
11927
11928
11963
11968
11969
11970
11971
11972
11973
11974
11975
11976
11977
11978
11979
11980
11981
11982
11983
11984
11985
11986
11987
11988
11995
11996
11997
11998
11999
12000
12001
12002
12003
12004
12005
12018
12019
12020
12022
12023
12024
12025
12026
12027
12028
12029
12030
12031
12032
12033
12034
12035
12036
12037
12038
12039
12040
12041
12042
12043
12044
12045
12046
12047
12048
12049
12050
12051
12052
12057
12058
12093
12097
12098
12099
12100
12101
12102
12103
12104
12105
12106
12107
12108
12109
12110
12116
12117
12118
12119
12120
12121
12122
12123
12124
12125
12138
12139
12140
12142
12143
12144
12145
12146
12147
12148
12149
12150
12151
12152
12153
12154
12155
12156
12157
12158
12159
12160
12161
12162
12163
12164
12165
12166
12167
12168
12169
12174
12175
12209
12213
12214
12215
12216
12217
12218
12219
12224
12225
12226
12227
12228
12229
12230
12231
12232
12243
12244
12245
12246
12247
12248
12249
12250
12251
12252
12253
12254
12255
12256
12257
12258
12259
12260
12261
12262
12263
12264
12265
12266
12267
12268
12269
12270
12271
12275
12276
12277
12312
12316
12317
12318
12319
12320
12321
12324
12325
12326
12327
12328
12329
12330
12331
12340
12341
12342
12343
12344
12345
12346
12347
12348
12349
12350
12351
12352
12353
12354
12355
12356
12357
12358
12359
12360
12361
12362
12363
12364
12365
12366
12396
12397
12400
12401
12402
12403
12404
12405
12406
12407
12408
12409
12410
12411
12412
12417
12418
12419
12420
12421
12422
12423
12424
12425
12426
12427
12428
12429
12430
12431
12432
12433
12434
12459
12460
12462
12463
12464
12465
12466
12467
12468
12469
12470
12471
12472
12473
12474
12475
12476
12477
12478
12479
12480
12481
12482
12483
12484
12485
12486
12487
12494
12499
12501
12545
12546
12549
12558
12566
12577
12602
12645
12650
12671
12683
12690
12696
12702
12718
12752
12808
12841
12861
12882
12907
12910
12922
12933
12966
12971
12975
12984
13028
13051
13068
13079
13096
13141
13146
13153
13177
13179
13242
13261
13277
13295
13304
13305
13317
13345
13424
13431
13470
13498
13499
13503
13554
13567
13581
13618
13664
13672
13680
13716
13746
13777
13811
13893
13958
13965
14010
14147
14199
14204
14290
14380
14396
14400
14432
14437
14467
14477
14527
14536
14593
14606
14622
14640
14663
14764
14772
14828
14907
14962
15004
15017
15043
15044
15055
15082
15100
15143
15167
15194
15195
15201
15224
15237
15262
15313
15382
15400
15428
15438
15477
15488
15497
15504
15538
15556
15574
15597
15624
15800
15813
15841
15846
15885
15936
15951
15969
16038
16063
16094
16134
16145
16167
16174
16176
16188
16204
16236
16264
16284
16290
16324
16391
16408
16411
16435
16557
16561
16564
16572
16583
10880
10928
10929
10930
10934
10935
10992
10998
11037
11038
11039
11040
11041
11044
11045
11046
11059
11060
11062
11063
11106
11112
11150
11151
11152
11153
11154
11155
11156
11157
11158
11159
11160
11161
11172
11174
11175
11176
11177
11178
11224
11225
11227
11231
11265
11267
11271
11272
11273
11274
11275
11276
11277
11278
11279
11280
11281
11282
11283
11284
11291
11292
11293
11294
11296
11297
11298
11299
11300
11333
11339
11340
11341
11342
11344
11347
11348
11349
11350
11354
11389
11390
11392
11393
11394
11395
11396
11397
11398
11399
11400
11401
11402
11403
11404
11405
11406
11407
11408
11409
11410
11416
11417
11418
11419
11420
11422
11423
11424
11425
11426
11443
11462
11466
11467
11468
11469
11470
11471
11475
11476
11477
11478
11482
11515
11516
11519
11520
11521
11523
11524
11525
11526
11527
11528
11529
11530
11531
11532
11533
11534
11535
11536
11537
11538
11539
11540
11541
11542
11546
11547
11548
11549
11550
11551
11552
11554
11555
11556
11557
11558
11576
11579
11580
11581
11595
11597
11598
11599
11600
11601
11602
11603
11604
11605
11607
11608
11609
11610
11611
11612
11616
11649
11650
11651
11654
11655
11656
11657
11659
11660
11661
11662
11663
11664
11665
11666
11667
11668
11669
11670
11671
11672
11673
11674
11675
11676
11677
11678
11680
11681
11682
11683
11684
11685
11686
11687
11688
11690
11691
11692
11693
11694
11715
11716
11717
11718
11719
11720
11734
11735
11736
11737
11738
11739
11740
11741
11742
11743
11744
11745
11746
11747
11748
11749
11750
11754
11787
11788
11789
11792
11793
11794
11795
11796
11797
11798
11799
11800
11801
11802
11803
11804
11805
11806
11807
11808
11809
11810
11811
11812
11813
11814
11815
11816
11817
11818
11819
11820
11821
11822
11823
11824
11825
11826
11828
11829
11830
11831
11854
11855
11856
11857
11858
11859
11873
11874
11875
11876
11877
11878
11879
11880
11881
11882
11883
11884
11885
11886
11887
11888
11892
11924
11925
11926
11929
11930
11931
11932
11933
11934
11935
11936
11937
11938
11939
11940
11941
11942
11943
11944
11945
11946
11947
11948
11949
11950
11951
11952
11953
11954
11955
11956
11957
11958
11959
11960
11961
11962
11964
11965
11966
11967
11989
11990
11991
11992
11993
11994
12006
12007
12008
12009
12010
12011
12012
12013
12014
12015
12016
12017
12021
12053
12054
12055
12056
12059
12060
12061
12062
12063
12064
12065
12066
12067
12068
12069
12070
12071
12072
12073
12074
12075
12076
12077
12078
12079
12080
12081
12082
12083
12084
12085
12086
12087
12088
12089
12090
12091
12092
12094
12095
12096
12111
12112
12113
12114
12115
12126
12127
12128
12129
12130
12131
12132
12133
12134
12135
12136
12137
12141
12170
12171
12172
12173
12176
12177
12178
12179
12180
12181
12182
12183
12184
12185
12186
12187
12188
12189
12190
12191
12192
12193
12194
12195
12196
12197
12198
12199
12200
12201
12202
12203
12204
12205
12206
12207
12208
12210
12211
12212
12220
12221
12222
12223
12233
12234
12235
12236
12237
12238
12239
12240
12241
12242
12272
12273
12274
12278
12279
12280
12281
12282
12283
12284
12285
12286
12287
12288
12289
12290
12291
12292
12293
12294
12295
12296
12297
12298
12299
12300
12301
12302
12303
12304
12305
12306
12307
12308
12309
12310
12311
12313
12314
12315
12322
12323
12332
12333
12334
12335
12336
12337
12338
12339
12367
12368
12369
12370
12371
12372
12373
12374
12375
12376
12377
12378
12379
12380
12381
12382
12383
12384
12385
12386
12387
12388
12389
12390
12391
12392
12393
12394
12395
12398
12399
12413
12414
12415
12416
12435
12436
12437
12438
12439
12440
12441
12442
12443
12444
12445
12446
12447
12448
12449
12450
12451
12452
12453
12454
12455
12456
12457
12458
12461
12489
12502
12512
12529
12539
12579
12648
12659
12674
12717
12734
12822
12886
12930
12940
12967
13002
13013
13032
13056
13123
13138
13164
13223
13228
13250
13364
13369
13435
13439
13492
13553
13556
13566
13593
13601
13705
13739
13748
13750
13824
13850
13857
13918
13927
13939
13975
14015
14054
14059
14066
14094
14119
14136
14152
14167
14191
14205
14240
14243
14245
14254
14280
14291
14295
14336
14345
14384
14409
14452
14464
14470
14526
14529
14541
14550
14599
14615
14618
14645
14669
14688
14806
14817
14846
14849
14904
14983
14986
15022
15034
15071
15112
15146
15175
15178
15187
15199
15231
15299
15308
15309
15314
15353
15360
15361
15388
15475
15481
15508
15524
15587
15596
15612
15631
15641
15674
15675
15691
15696
15728
15733
15778
15780
15808
15812
15852
15866
15894
15976
15979
15985
15998
16056
16140
16162
16206
16223
16239
16278
16308
16345
16346
16352
16367
16372
16390
16420
16449
16482
16499
16502
16514
16528
16535
16569
16581
16586
5432
5502
5506
5608
5626
5628
5656
5657
5658
5659
5660
5661
5697
5698
5699
5700
5705
5808
5809
5826
5827
5857
5858
5859
5860
5861
5862
5863
5895
5896
5897
5898
5900
5901
5902
5908
6011
6012
6013
6030
6031
6032
6063
6064
6065
6066
6067
6068
6069
6070
6071
6099
6100
6101
6102
6103
6104
6105
6106
6107
6111
6114
6217
6218
6219
6237
6238
6239
6240
6242
6275
6276
6277
6278
6279
6280
6281
6282
6283
6310
6311
6312
6313
6314
6315
6316
6317
6318
6319
6320
6321
6323
6326
6429
6430
6448
6449
6450
6451
6483
6484
6485
6486
6487
6488
6489
6510
6511
6512
6513
6514
6515
6516
6517
6518
6519
6520
6521
6522
6523
6524
6527
6632
6649
6650
6651
6652
6653
6679
6680
6681
6682
6699
6700
6701
6702
6703
6704
6705
6706
6707
6708
6709
6710
6711
6712
6713
6714
6833
6834
6835
6836
6837
6838
6839
6866
6867
6884
6885
6886
6887
6888
6889
6890
6891
6892
6893
6894
6895
6896
6897
6898
6994
7014
7015
7016
7017
7018
7019
7020
7021
7064
7065
7066
7067
7068
7069
7070
7071
7072
7175
7176
7177
7178
7179
7180
7221
7222
7223
7224
7320
7321
12495
12594
12614
12719
12731
12866
12945
13082
13764
13798
14087
14115
14574
14675
15118
15327
15703
15943
16118
16233
5941
6035
6036
6143
6144
6145
6146
6147
6148
6245
6246
6247
6353
6354
6355
6356
6357
6358
6359
6360
6361
6362
6363
6364
6454
6455
6456
6457
6548
6550
6553
6554
6555
6556
6557
6558
6559
6560
6561
6562
6563
6564
6565
6566
6567
6656
6657
6658
6659
6732
6733
6734
6736
6739
6740
6741
6742
6743
6744
6745
6746
6747
6748
6749
6750
6751
6752
6843
6844
6845
6846
6912
6913
6914
6915
6916
6918
6921
6922
6923
6924
6925
6926
6927
6928
6929
6930
6931
6932
7025
7026
7027
7028
7082
7083
7084
7085
7086
7087
7089
7091
7092
7093
7094
7095
7096
7097
7098
7099
7100
7181
7182
7183
7184
7185
7186
7187
7228
7229
7230
7231
7232
7233
7234
7235
7236
7237
7238
7239
7240
7241
7242
7243
7244
7245
7246
7247
7322
7323
7324
7325
7326
7327
7328
7329
7330
7331
7332
7366
7367
7368
7369
7370
7371
7372
7373
7374
7375
7376
7377
7449
7450
7451
7452
7453
7454
7455
7456
7457
7458
7493
7494
7495
7496
7497
7498
7499
7500
7501
7573
7574
7575
7576
7577
7578
7579
7614
7615
7616
7617
7618
7619
7690
7691
7692
7693
7727
7728
7729
7730
12643
13512
13597
13640
13772
13983
14025
14780
14823
14860
15555
15637
15793
16025
16219
16222
16422
16550
