264
309
442
447
911
923
930
956
957
1080
1362
1389
1953
2455
4744
7563
7651
7660
7671
7718
7740
7760
7764
7768
7792
7794
7809
7821
7837
7840
7842
7862
7888
7890
7894
7907
7908
7915
7938
7949
7950
7957
7962
7971
7980
7981
7994
7995
8020
8024
8036
8040
8051
8072
8074
8080
8082
8083
8085
8096
8099
8110
8113
8122
8124
8128
8137
8142
8151
8152
8159
8175
8180
8183
8191
8205
8223
8230
8239
8252
8262
8282
8295
8306
8307
8313
8314
8315
8318
8323
8326
8327
8331
8335
8340
8345
8358
8361
8362
8366
8368
8370
8371
8373
8379
8381
8383
8386
8387
8389
8390
8391
8392
8395
8396
8398
8400
8401
8402
8405
8406
8410
9201
9241
9256
9342
9347
9414
9451
9465
9469
9496
10602
10632
10634
10638
10641
10647
10648
10650
10653
10654
10663
10667
10670
10672
10675
10676
10742
10755
10760
10762
10764
10766
10769
10774
10777
10781
10784
10787
10788
10795
10801
10804
10805
10806
10808
10811
10838
10841
10842
10843
10844
10848
10849
10850
10851
11919
11921
12827
12829
12831
12832
12833
12834
12835
12836
12837
12838
12840
12841
12845
12847
12848
12849
12850
12851
12852
12854
12855
12856
12857
12858
12859
12860
12862
12863
12864
12899
12901
12902
12903
12904
12905
12906
12911
12912
12913
12916
12917
13117
13120
13121
13124
13125
13126
13127
13128
13129
13131
13132
13133
13135
13137
13138
13140
13141
13142
13144
13145
13148
13149
13150
13151
13155
13156
13157
13166
13206
13207
13210
13214
13219
13798
13803
13805
13807
13808
13810
13812
13818
13836
13839
13841
13844
13853
13856
13858
13861
13864
14215
15527
15530
18859
19137
19393
19466
19692
19927
19972
20141
20219
20286
20366
20419
20468
20571
20585
20646
20819
20824
20908
20975
21109
21123
21220
21307
21330
21389
21413
21562
21613
21619
21792
21902
21980
22202
22212
22410
22462
22549
22605
22664
22680
22687
22761
23081
23413
23438
23481
23676
23775
23988
24091
24222
24295
24307
24309
24326
24376
24402
24612
24657
24683
24691
24692
24723
528
781
864
1065
2057
2099
2101
2145
2343
2402
7077
7083
7091
7120
7133
7141
7162
7169
7177
7182
7213
7215
7224
7229
7263
7267
7270
7272
7283
7297
7319
7322
7324
7348
7365
7377
7380
7384
7399
7412
7420
7425
7456
7475
7480
7488
7515
7534
7546
7562
7573
7579
7592
7596
7612
7613
7638
7643
7644
7645
7646
7690
7691
7705
7716
7725
7733
7744
7747
7751
7755
7789
7791
7799
7810
7850
7854
7856
7857
7865
7866
7867
7873
7875
7882
9349
9464
10989
11045
11046
11047
11050
11054
11056
11060
11062
11063
11066
11074
11078
11085
11090
11092
11098
11106
11311
11312
11502
11503
11504
11506
11508
11510
11766
11801
11803
11804
11812
11815
11817
11821
11822
11823
11824
11825
12315
12320
12321
12322
12323
12326
12327
12328
12329
12331
12334
12335
12336
12337
12342
12386
12387
12388
12389
12390
12391
12392
12393
12395
12396
12397
12399
12400
12401
12402
12403
12404
12405
12406
12407
12409
12410
12411
12412
12413
12427
12428
12429
12430
12431
12432
12433
12434
12435
12522
12523
12524
12532
12534
12538
12539
12540
13946
13949
13950
13953
13954
13962
13964
13965
14052
16358
16361
16366
16401
16403
16404
16409
16410
16411
16412
16413
16422
21265
22122
22199
22385
22394
22531
22584
22727
22864
23279
23459
23667
23886
23960
24005
24014
24015
24102
24277
24338
24339
24343
24393
24394
24463
24716
1284
1322
1325
1340
1342
1343
1352
1353
1364
1369
1371
1374
1376
1380
1386
1390
1397
1398
1401
1402
1404
1407
1409
1415
1424
1434
1436
1437
1444
1445
1449
1450
1456
1457
1461
1464
1467
1475
1478
1486
1495
1501
1502
1504
1520
1523
1534
1541
1543
1556
1566
1577
1579
1584
1585
1605
1613
1629
1634
1635
1638
1648
1650
1653
1662
1674
1677
1679
1680
1692
1697
1724
1754
1756
1765
1776
1786
1797
1815
1881
1899
1927
1956
1973
1979
2009
2011
2016
2050
2056
2059
2458
3109
6595
6636
6698
6703
6825
6945
6948
7039
7085
7090
9169
9175
9183
9216
9222
9312
9352
9384
9387
9454
10570
10875
10918
10920
10966
10967
10970
10971
10972
10977
10979
10980
10981
10982
10983
10984
10985
10987
10988
11846
12082
12124
12131
12157
12232
12288
12453
12466
12513
12514
12528
12550
12620
12665
12709
12774
12974
13112
13159
13185
13316
13319
13320
18613
18770
18787
19683
19860
19895
20184
20403
20897
21139
21466
22002
22021
22143
22210
22237
22672
22752
22763
23152
23312
23316
23596
23637
23975
24156
24310
24311
24391
24392
24426
24551
24687
24689
24750
24753
24764
24782
1491
1492
1497
1512
1529
1531
1552
1560
1562
1565
1570
1598
1612
1618
1621
1623
1628
1630
1631
1642
1643
1659
1672
1675
1682
1683
1702
1711
1715
1721
1728
1730
1731
1734
1737
1745
1753
1755
1758
1773
1775
1785
1788
1812
1825
1850
1851
1858
1862
1888
1909
1941
1982
1986
1997
2002
2029
2053
2060
2062
2072
2087
2093
2105
2111
2132
2136
2212
8136
9259
9325
9348
9351
9391
9404
9435
9452
9459
9480
16161
16162
16163
16165
16166
16182
16183
16184
16711
16713
16714
16715
16716
16717
16718
16719
16721
16723
16724
16725
16727
16728
16730
16731
16732
16733
16735
16736
16737
16738
16866
16867
16870
16872
16873
16874
16876
16879
16882
16883
16885
16888
16889
18616
19483
19484
20101
20106
21374
21508
21509
21991
22120
22652
22657
22844
22909
23515
23750
24325
24350
24363
24533
24535
24537
24556
24561
24567
24572
24620
24654
24684
24690
24714
24749
24775
