8
192
274
444
492
510
538
548
556
560
590
610
612
614
617
623
625
642
647
650
841
989
1277
1280
1338
1718
1766
2237
2406
3032
3459
5149
5371
5390
5937
6079
6152
6154
6486
6621
6622
6885
6978
6997
7355
7405
7501
7527
7554
7566
7660
7669
7802
7804
7815
7903
8048
8103
8134
8529
8705
8711
9071
9304
11745
12725
13226
13227
13233
13236
13237
15541
16488
18829
18830
18835
18837
18840
18843
18845
18846
18847
18852
18853
18854
18856
18857
18860
18864
22150
22545
24052
24323
24490
25379
25659
25871
25901
25902
25913
25914
25917
25920
25921
25955
25971
25972
26000
26001
26003
26005
26038
26042
26081
26084
26086
26087
26105
26106
26111
26115
26116
1415
3982
4131
4132
4165
4305
4412
4433
4438
4522
4538
4547
4554
4558
4610
4736
4789
4801
4866
4920
4921
4933
5033
5068
5144
5147
5292
5941
5942
6206
6208
6408
7118
7129
8743
8744
8747
8751
8753
8761
8763
9213
9336
9340
9375
14482
14498
14503
14504
14514
14522
14777
14897
15106
15107
15109
15600
15601
15602
15603
15608
16834
16838
16842
16846
16854
16855
16870
16871
16881
16902
16917
16920
16926
17745
18049
18491
18496
18508
18517
18521
18528
18537
18541
20660
21933
22244
23225
23866
24622
25183
25883
25885
26006
26022
26033
26059
1
19
290
305
309
978
1007
1008
1015
1028
1029
1034
1036
1047
1049
1051
1057
1060
1803
1907
1911
1919
1940
1947
2061
2093
2119
2148
2159
2175
2187
2225
2297
2342
2348
2356
2423
2468
2470
2478
2506
2514
2528
2546
2565
2603
2611
2613
2637
2658
2689
2692
2701
2703
2717
3400
3783
3951
4715
5064
6928
7281
7825
9334
10001
10076
11047
11104
11296
11430
11859
12003
12370
12577
12663
12691
12767
12934
13009
13024
13025
13050
13332
13335
13343
13344
13345
13480
13584
13980
13983
14103
14520
14922
15031
15048
15234
15365
15470
15715
15924
16011
16443
16501
16518
16686
16992
17110
17127
17791
18295
18363
18364
18365
18366
18367
18368
18369
18370
18371
18373
18374
18375
18376
18378
18380
18384
18402
18403
18409
18410
18412
18437
18580
18615
18707
18810
18828
18838
18881
20077
20080
20847
21809
21880
22736
23043
23280
23408
23520
23722
23723
23896
24130
24337
24817
25044
25093
25209
25735
26082
20
111
188
236
284
461
530
835
889
1383
1419
1514
3230
3288
3300
3303
3305
3320
3348
3349
3352
3353
3719
4690
5436
5875
5901
6149
6156
6246
6360
6596
6620
6761
6830
6906
7113
7132
7468
7650
7667
7690
7708
7711
7756
7828
7861
7877
7928
7932
7945
7996
8039
8084
8094
8101
8102
8112
8114
8188
8233
8328
8358
8440
8505
8550
8643
8818
9109
9123
9131
9332
9394
9399
9408
9447
9497
9505
9637
9653
9668
9696
9735
9807
9835
14023
14024
22546
22757
23448
24322
24573
25269
25862
25863
25864
25882
25884
25889
25904
25905
25909
25910
25911
25922
25932
25934
25935
25943
25963
25964
25965
25969
25970
25977
25988
25989
25995
26024
26025
26028
26029
26051
