1
2
5
6
9
11
13
15
17
19
21
23
25
27
29
31
33
35
37
39
41
43
45
47
49
51
53
55
57
59
61
63
65
67
69
70
73
75
77
79
81
83
85
87
89
91
93
95
97
99
101
103
104
107
109
111
113
115
117
119
121
123
125
127
129
131
133
135
137
138
141
143
145
147
149
151
153
155
157
159
161
163
165
167
169
171
172
175
177
179
181
183
185
187
189
191
193
195
197
199
201
203
205
206
209
211
213
215
217
219
221
223
225
227
229
231
233
235
237
239
240
243
245
247
249
251
253
255
257
259
261
263
265
267
269
271
273
274
277
279
281
283
285
287
289
291
293
295
297
299
301
303
305
307
308
311
313
315
317
319
321
323
325
327
329
331
333
335
337
339
341
342
345
347
349
351
353
355
357
359
361
363
365
367
369
371
373
375
376
379
381
383
385
387
389
391
393
395
397
399
401
403
405
407
409
410
413
415
417
419
421
423
425
427
429
431
433
435
437
439
441
443
444
447
449
451
453
455
457
459
461
463
465
467
469
471
473
475
477
478
481
483
485
487
489
491
493
495
497
499
501
503
505
507
509
511
512
515
517
519
521
523
525
527
529
531
533
535
537
539
541
543
545
546
549
551
553
555
557
559
561
563
565
567
569
571
573
575
577
4624
4625
4626
4627
4628
4629
4630
4631
4632
4633
4634
4635
4636
4637
4638
4639
4640
4641
4642
4643
4644
4645
4646
4647
4648
4649
4650
4651
4652
4653
4654
4655
4656
4657
4658
4659
4660
4661
4662
4663
4664
4665
4666
4667
4668
4669
4670
4671
4672
4673
4674
4675
4676
4677
4678
4679
4680
4681
4682
4683
4684
4685
4686
4687
4688
4689
4690
4691
4692
4693
4694
4695
4696
4697
4698
4699
4700
4701
4702
4703
4704
4705
4706
4707
4708
4709
4710
4711
4712
4713
4714
4715
4716
4717
4718
4719
4720
4721
4722
4723
4724
4725
4726
4727
4728
4729
4730
4731
4732
4733
4734
4735
4736
4737
4738
4739
4740
4741
4742
4743
4744
4745
4746
4747
4748
4749
4750
4751
4752
4753
4754
4755
4756
4757
4758
4759
4760
4761
4762
4763
4764
4765
4766
4767
4768
4769
4770
4771
4772
4773
4774
4775
4776
4777
4778
4779
4780
4781
4782
4783
4784
4785
4786
4787
4788
4789
4790
4791
4792
4793
4794
4795
4796
4797
4798
4799
4800
4801
4802
4803
4804
4805
4806
4807
4808
4809
4810
4811
4812
4813
4814
4815
4816
4817
4818
4819
4820
4821
4822
4823
4824
4825
4826
4827
4828
4829
4830
4831
4832
4833
4834
4835
4836
4837
4838
4839
4840
4841
4842
4843
4844
4845
4846
4847
4848
4849
4850
4851
4852
4853
4854
4855
4856
4857
4858
4859
4860
4861
4862
4863
4864
4865
4866
4867
4868
4869
4870
4871
4872
4873
4874
4875
4876
4877
4878
4879
4880
4881
4882
4883
4884
4885
4886
4887
4888
4889
4890
4891
4892
4893
4894
4895
4896
4897
4898
4899
4900
4901
4902
4903
4904
4905
4906
4907
4908
4909
4910
4911
4912
