12050
12055
12067
12068
12072
12073
12084
12085
12086
12089
12090
12091
12101
12102
12103
12104
12106
12107
12108
12109
12118
12119
12120
12121
12122
12123
12124
12125
12126
12127
12132
12136
12137
12138
12139
12140
12141
12142
12143
12144
12145
12150
12153
12154
12155
12156
12157
12158
12159
12160
12161
12162
12163
12167
12168
12170
12171
12172
12173
12174
12175
12176
12177
12178
12179
12180
12181
12183
12184
12185
12186
12187
12188
12189
12190
12191
12192
12193
12194
12195
12196
12197
12198
12199
12200
12201
12202
12203
12204
12205
12206
12207
12208
12209
12210
12211
12212
12213
12214
12215
12216
12217
12218
12219
12220
12221
12222
12223
12224
12225
12226
12227
12228
12229
12230
12231
12232
12233
12234
12235
12236
12237
12238
12239
12240
12241
12242
12243
12244
12245
12246
12247
12248
12249
12250
12251
12252
12253
12254
12255
12256
12257
12258
12259
12260
12261
12262
12263
12264
12265
12266
12267
12268
12269
12270
12271
12272
12273
12274
12275
12276
12277
12278
12279
12280
12281
12282
12283
12284
12285
12286
12287
12288
12289
12290
12291
12292
12293
12294
12295
12296
12297
12298
12299
12300
12301
12302
12303
12304
12305
12306
12307
12308
12309
12310
12311
12312
12313
12314
12315
12316
12317
12318
12319
12320
12321
12322
12323
12324
12325
12326
12327
12328
12329
12330
12331
12332
12333
12334
12335
12336
12337
12338
12339
12340
12341
12342
12343
12344
12345
12346
12347
12348
12349
12350
12351
12352
12353
12354
12355
12356
12357
12358
12359
12360
12361
12362
12363
12364
12365
12366
12367
12368
12369
12370
12371
12372
12373
12374
12375
12376
12377
12378
12379
12380
12381
12382
12383
12384
12385
12386
12387
12388
12389
12390
12391
12392
12393
12394
12395
12396
12397
12398
12399
12400
12401
12402
12403
12404
12405
12406
12407
12408
12409
12410
12411
12412
12413
12414
12415
12416
12417
12418
12419
12420
12421
12422
12423
12424
12425
12426
12427
12428
12429
12430
12431
12432
12433
12434
12435
12436
12437
12438
12439
12440
12441
12442
12443
12444
12445
12446
12447
12448
12449
12450
12451
12452
12453
12454
12455
12456
12457
12458
12459
12460
12461
12462
12463
12464
12465
12466
12467
12468
12469
12470
12471
12472
12473
12474
12475
12476
12477
12478
12479
12480
12481
12487
12498
12516
12556
12558
12593
12613
12692
12742
12785
12836
12857
12914
12939
12953
12958
12993
12999
13101
13299
13307
13332
13510
13860
13880
13934
13940
14022
14032
14059
14259
14316
14541
14891
14999
15034
15154
15172
15422
11052
11106
11107
11158
11161
11162
11163
11200
11201
11202
11204
11212
11215
11216
11217
11218
11253
11254
11255
11256
11257
11266
11267
11269
11270
11271
11272
11273
11306
11307
11308
11309
11310
11312
11320
11321
11323
11324
11325
11326
11327
11328
11329
11361
11362
11363
11364
11365
11366
11367
11368
11369
11377
11378
11379
11380
11381
11382
11383
11384
11385
11386
11387
11418
11419
11420
11421
11422
11423
11424
11425
11426
11435
11436
11437
11438
11439
11440
11441
11442
11443
11444
11445
11446
11475
11476
11477
11478
11479
11480
11481
11482
11483
11493
11494
11495
11496
11497
11498
11499
11500
11501
11502
11503
11531
11532
11533
11534
11535
11536
11537
11538
11548
11549
11550
11551
11552
11553
11554
11555
11556
11557
11558
11583
11584
11585
11586
11587
11588
11589
11590
11601
11602
11603
11604
11605
11606
11607
11608
11609
11610
11632
11633
11634
11635
11636
11637
11638
11649
11650
11651
11652
11653
11654
11655
11656
11678
11679
11680
11681
11682
11683
11684
11694
11695
11696
11697
11698
11699
11700
11721
11722
11723
11724
11725
11726
11727
11739
11740
11741
11742
11743
11744
11745
11763
11764
11765
11766
11767
11768
11780
11781
11782
11783
11784
11785
11786
11806
11807
11808
11809
11810
11811
11819
11820
11821
11822
11823
11824
11842
11843
11844
11845
11846
11847
11848
11851
11852
11853
11854
11855
11873
11874
11875
11876
11877
11880
11881
11882
11883
11901
11902
11903
11904
11905
11909
11910
11911
11930
11931
11932
11933
11934
11937
11938
11957
12506
12547
12799
12826
12842
12928
12970
13345
13692
13727
13963
14110
14300
14390
14688
14702
14904
14935
14942
15092
15366
15407
15423
15424
15453
15470
15559
15563
15605
15669
2121
2122
2152
2176
2177
2178
2179
2204
2207
2209
2210
2232
2233
2234
2260
2261
2262
2264
2265
2266
2291
2292
2293
2317
2319
2320
2321
2322
2323
2324
2325
2326
2349
2350
2351
2352
2374
2375
2376
2377
2378
2379
2380
2381
2382
2383
2384
2385
2386
2387
2410
2411
2412
2413
2414
2415
2438
2439
2440
2441
2442
2443
2444
2445
2446
2447
2448
2449
2450
2451
2475
2476
2477
2478
2479
2480
2503
2504
2505
2506
2507
2508
2509
2510
2511
2512
2513
2514
2515
2516
2517
2542
2543
2544
2545
2546
2547
2570
2571
2572
2573
2574
2575
2576
2577
2578
2579
2580
2581
2582
2583
2584
2585
2586
2612
2613
2614
2615
2616
2617
2618
2641
2642
2643
2644
2645
2646
2647
2648
2649
2650
2651
2652
2653
2654
2655
2656
2657
2658
2684
2685
2686
2687
2688
2689
2690
2715
2716
2717
2718
2719
2720
2721
2722
2723
2724
2725
2726
2727
2728
2729
2730
2731
2732
2759
2760
2761
2762
2787
2788
2789
2790
2791
2792
2793
2794
2795
12587
12773
13695
13700
13743
13923
13950
13957
14825
14982
15044
15451
