490
1851
1885
1904
1907
2034
2056
2060
2102
2145
2161
2201
2247
2250
2256
2323
2351
2371
2385
2392
2393
2401
2419
2439
2444
2463
2466
2509
2518
2526
2558
2718
2720
2721
2823
2843
2847
2852
2871
2900
2966
3016
3019
3027
3049
3067
3078
3087
3102
3164
3200
3201
3240
3252
3285
3318
3323
3384
3437
3476
3503
3546
3610
3628
3669
3671
3692
4012
4094
4158
4189
4203
4257
4452
4458
4464
4466
4468
4469
4471
4522
4558
4567
4571
4573
4574
4576
4592
4593
4595
4979
4986
4998
4999
5039
5043
5044
5048
5095
5102
5106
5107
5112
5120
5124
5132
5135
5163
5177
5196
5201
5207
5213
5236
5238
5254
5272
5306
5342
5348
5356
5367
5401
5403
5420
5428
5445
5454
5473
5475
5477
5478
5504
5505
5512
5517
5518
5531
5548
5563
5568
5581
5590
5609
5622
5643
5651
5682
5693
5708
5715
5721
5728
5737
5738
5742
5743
5747
5751
5756
5758
5765
5772
5777
5778
5790
5792
5793
5819
5837
5856
5873
5922
5924
5933
5934
5939
5983
5989
5990
6007
6009
6036
6044
6045
6062
6065
6066
6074
6620
7000
7560
7581
7592
7613
7700
9645
9700
9728
9730
9731
9732
12106
12109
12111
12113
12340
12371
12372
12391
12612
12614
12618
12623
12634
12639
12640
12657
12660
12662
12663
12664
12665
12668
12672
12678
12681
12684
12685
12689
12712
12714
12717
12720
12735
12740
12743
12747
12751
12755
12758
12764
12769
12773
12783
12784
12795
12797
12812
12819
13590
13591
13592
13593
13594
13595
13600
13601
13604
13605
13606
13607
13608
13611
13612
13613
13616
13620
13621
13623
13625
13627
13630
13631
13632
13634
13717
13723
13724
13725
13727
13728
13730
13735
13736
15778
15935
16042
17921
17930
18091
18733
18740
18815
18875
19013
19102
19103
19388
19475
19795
19870
19871
20009
20051
20062
20099
20283
20515
20624
20731
20963
21025
21026
21059
21081
21089
21116
21362
21439
21487
21488
21774
21783
21954
22100
22205
22282
22307
22335
22697
22712
22793
22901
22940
22961
22975
23099
23153
23190
23243
23351
23436
23508
23510
23588
23749
23753
23894
23933
763
5252
5255
5257
5264
5265
5266
5268
5273
5841
6046
6782
6968
6969
7028
7122
7176
7188
7191
7202
7210
7238
7258
7269
7293
7302
7304
7305
7307
7327
7335
7338
7344
7375
7381
7383
7414
7431
7439
7460
7466
7478
7479
7503
7506
7535
7536
7540
7557
7573
7582
7583
7591
7595
7605
7609
7617
7620
7624
7626
7646
7648
7654
7673
7680
7681
7684
7701
7702
7705
7708
7709
7710
7722
7728
7730
7744
7753
7761
7762
7767
7777
7778
7779
7781
7786
7787
7790
7792
7802
7810
7820
7835
7854
7856
7859
7861
7862
7863
7864
8189
8673
8753
8795
8796
8830
8865
8916
8919
8922
8923
8947
8954
8983
9021
9060
9168
9285
9300
9317
9663
9683
9808
9927
9997
10010
10025
10115
10116
10119
10120
10132
10135
10136
10167
10170
10176
10179
10180
10181
10182
10193
10200
10578
10592
10593
10594
12235
12237
12464
12894
14208
14364
14365
14366
14367
14368
14369
14374
14375
14376
14378
14381
14382
14383
14384
14386
14388
14389
14390
14451
14465
14466
14467
14468
14469
14470
14471
14473
14474
14476
14477
14478
14479
14480
14481
14482
14483
14485
14486
14487
14488
14489
14491
14494
14683
14684
14689
14692
14696
14697
14709
14710
14711
14712
14713
14717
14718
14719
14721
14722
14725
14731
14734
14735
14736
14738
14739
14740
14741
14742
14745
14746
14747
14748
14753
14758
14759
14760
14764
14767
15142
15530
15534
15536
15538
15539
15540
15542
15544
16005
16006
16007
16011
16013
16014
16018
16020
16022
16023
16026
16027
16028
16030
16036
16037
16038
16039
16040
16041
16043
16044
16046
16047
16048
16049
16674
16696
16704
16709
16718
16744
16747
16749
17336
17765
17766
18378
18538
18695
18816
19019
19020
19237
19421
19422
19552
19553
19658
19969
20054
20130
20188
20456
20466
20652
20653
20903
20941
20960
21037
21052
21231
21294
21349
21400
21615
21771
22015
22181
22368
22441
22452
22457
22515
22587
22644
22725
22856
22941
22942
22999
23293
23313
23358
23480
23503
23640
23729
23867
24063
24102
24363
24430
24447
1190
1295
1313
1431
1435
1444
1466
1550
1660
1761
1763
1983
2324
2613
2697
2731
2748
2784
3069
3100
3137
3167
3383
3449
3453
3472
3480
3572
3581
3587
3627
3631
3653
3690
3694
3702
3712
3713
3720
3723
3724
3730
3733
3749
3752
3759
3766
3768
3769
3789
3801
3809
3815
3828
3830
3832
3833
3851
3855
3858
3861
3862
3865
3871
4222
4553
4560
4562
4564
4569
4581
4585
5734
5745
7659
7662
7675
7695
12118
12123
12125
12128
12395
12419
12424
12431
12440
12455
12461
12469
12477
12486
12488
12494
12507
12509
12510
12705
12706
12829
19017
19272
19473
20719
21051
21545
21997
22334
22763
22867
23375
24486
552
1329
1419
1427
1470
1491
1505
1553
1558
1563
1568
1634
1650
1685
1705
1779
1794
1802
1815
1819
1833
1886
1908
1918
1927
1931
1938
1956
1962
1974
1987
1993
1994
1996
1998
2003
2019
2081
2148
2167
2168
2204
2219
2226
2228
3927
6133
9077
9078
9133
9135
9152
9153
9159
9162
9171
9384
9388
9389
9391
9399
9403
9408
9432
9614
9619
9625
9635
9636
10085
10098
10099
10100
10101
10112
10118
10122
10124
10125
10126
10133
10138
10143
10144
10147
10153
10154
10157
10161
10162
10174
10185
10190
10192
10198
10204
10205
10210
10217
10221
10224
10312
10320
10334
10338
10344
10352
10353
10357
10362
10364
10376
10377
13201
13202
13203
13315
13320
13321
14399
14401
14402
14403
14404
14406
14408
14409
14410
14411
14412
14413
14414
14415
14417
14420
14421
14422
14424
14523
14524
14527
14531
14532
14534
14535
14536
14541
17935
18253
18642
19105
19196
20120
20168
20223
20329
20496
20765
20953
21065
21388
21473
21750
21939
22222
22402
22529
22600
23050
23259
23316
23532
23585
23872
23882
24004
