7488
7491
7624
7703
7705
7706
7707
7708
7709
7833
7907
7908
7910
7911
7912
7913
7914
7915
8031
8107
8108
8109
8111
8112
8113
8114
8115
8116
8117
8119
8230
8307
8308
8309
8310
8311
8313
8314
8315
8316
8317
8318
8319
8320
8321
8434
8436
8512
8514
8515
8516
8517
8518
8520
8521
8522
8523
8524
8525
8526
8527
8528
8529
8636
8715
8716
8718
8719
8720
8721
8722
8724
8725
8726
8727
8728
8729
8730
8731
8732
8733
8830
8832
8912
8913
8914
8916
8917
8918
8919
8920
8922
8923
8924
8925
8926
8927
8928
8929
8930
8931
9008
9010
9011
9086
9088
9089
9091
9092
9093
9094
9095
9097
9098
9099
9100
9101
9102
9103
9104
9105
9108
9178
9180
9181
9251
9252
9253
9254
9255
9256
9257
9258
9259
9260
9318
12569
12596
12665
12705
12829
12877
13839
14023
14191
14217
14724
14729
15071
15250
15548
15768
15943
12411
12415
12417
12418
12419
12420
12421
12422
12424
12425
12426
12427
12428
12429
12430
12431
12432
12433
12434
12435
12436
12437
12438
12439
12440
12441
12442
12443
12444
12445
12446
12447
12448
12449
12450
12451
12452
12453
12454
3234
3235
3346
3354
3442
3443
3444
3445
3446
3447
3448
3449
3450
3452
3563
3564
3571
3658
3659
3660
3661
3662
3663
3664
3665
3666
3667
3668
3669
3670
3783
3784
3789
3790
3878
3879
3880
3881
3882
3883
3884
3885
3886
3887
3888
3889
3890
3891
3892
4008
4009
4014
4108
4109
4110
4111
4112
4113
4114
4115
4116
4117
4118
4119
4120
4121
4123
4245
4246
4247
4348
4349
4350
4351
4352
4353
4354
4355
4356
4357
4358
4359
4490
4491
4595
4596
4597
4598
4599
4600
4601
4602
4733
4825
4826
12591
12633
12783
13392
13650
15237
15449
166
167
182
183
184
195
206
207
208
209
210
222
223
224
225
235
236
243
245
246
247
248
249
250
261
263
264
265
266
267
276
277
278
281
282
283
285
286
287
288
289
290
291
302
303
304
305
306
307
308
317
318
319
322
324
325
326
327
328
329
330
340
341
342
343
344
345
346
355
356
363
364
365
366
367
368
369
378
379
380
381
382
390
402
403
404
412
12481
12805
13395
13738
15003
15477
15932
6180
6189
6192
6193
6194
6295
6404
6405
6406
6407
6408
6412
6413
6414
6415
6416
6417
6418
6521
6522
6629
6630
6631
6632
6633
6634
6635
6636
6637
6638
6639
6640
6641
6642
6643
6745
6746
6747
6856
6857
6858
6859
6860
6861
6862
6863
6864
6865
6866
6867
6868
6869
6870
6972
6973
6974
6975
6976
7087
7088
7089
7090
7091
7092
7093
7094
7095
7096
7097
7098
7099
7100
7101
7102
7103
7104
7198
7199
7200
7201
7202
7308
7309
7310
7311
7312
7313
7314
7315
7316
7317
7318
7319
7320
7321
7322
7323
7324
7417
7418
7419
7420
7421
7529
7530
7531
7532
7533
7534
7535
7536
7537
7538
7539
7540
7541
7542
7634
7635
7636
7637
7638
7745
7746
7747
7748
7749
7750
7751
7841
12532
12722
12750
13163
13404
13407
13442
14355
15147
15265
15295
15314
15976
16048
7373
7374
7454
7455
7585
7586
7587
7588
7589
7590
7591
7592
7593
7594
7595
7596
7597
7670
7671
7672
7793
7794
7795
7796
7797
7798
7799
7800
7801
7802
7803
7804
7805
7806
7807
7808
7872
7873
7874
7991
7992
7993
7994
7995
7996
7997
7998
7999
8000
8001
8002
8003
8004
8005
8006
8007
8008
8068
8069
8094
8188
8189
8190
8191
8192
8193
8194
8195
8196
8197
8198
8199
8200
8201
8202
8203
8204
8205
8206
8267
8268
8294
8391
8392
8393
8394
8395
8396
8397
8398
8399
8400
8401
8402
8403
8404
8405
8406
8407
8408
8409
8410
8471
8472
8473
8499
8595
8596
8597
8598
8599
8600
8601
8602
8603
8604
8605
8607
8608
8609
8610
8611
8673
8674
8795
8796
8797
8798
8799
8800
8802
8803
8804
8870
8992
12606
13373
13658
13662
13728
14977
15272
15309
15531
15701
15800
15924
15946
