11216
11253
11254
11255
11306
11308
11309
11310
11311
11312
11316
11322
11340
11344
11345
11346
11347
11348
11349
11350
11362
11363
11364
11366
11375
11399
11400
11401
11402
11403
11404
11405
11409
11410
11411
11412
11416
11432
11433
11436
11437
11438
11439
11440
11441
11442
11443
11444
11454
11455
11456
11457
11458
11459
11467
11468
11492
11493
11494
11495
11496
11497
11498
11499
11503
11504
11505
11506
11509
11510
11525
11526
11528
11529
11530
11531
11532
11533
11534
11535
11536
11545
11546
11547
11548
11549
11550
11557
11558
11559
11582
11583
11584
11585
11586
11587
11588
11589
11590
11594
11595
11596
11597
11598
11599
11601
11602
11610
11611
11615
11616
11617
11618
11619
11620
11621
11622
11623
11624
11625
11626
11631
11634
11635
11636
11637
11638
11639
11641
11646
11647
11648
11670
11671
11672
11673
11674
11675
11676
11677
11678
11679
11680
11682
11683
11684
11685
11686
11687
11688
11689
11690
11691
11692
11697
11699
11700
11701
11704
11705
11706
11707
11708
11709
11710
11711
11712
11713
11714
11715
11716
11718
11719
11720
11721
11722
11723
11724
11725
11726
11727
11728
11729
11733
11734
11735
11754
11755
11756
11757
11758
11759
11760
11761
11762
11763
11764
11765
11766
11767
11768
11769
11770
11771
11772
11773
11774
11775
11776
11777
11778
11781
11782
11783
11784
11785
11786
11787
11788
11789
11790
11791
11792
11793
11794
11795
11796
11797
11798
11799
11800
11801
11802
11803
11804
11805
11806
11807
11808
11809
11810
11811
11812
11813
11816
11817
11818
11819
11836
11837
11838
11839
11840
11841
11842
11843
11844
11845
11846
11847
11848
11849
11850
11851
11852
11853
11854
11855
11856
11857
11858
11859
11862
11863
11864
11865
11866
11867
11868
11869
11870
11871
11872
11873
11874
11875
11876
11877
11878
11879
11880
11881
11882
11883
11884
11885
11886
11887
11888
11889
11890
11891
11892
11893
11894
11896
11897
11898
11899
11901
11902
11903
11904
11905
11906
11907
11908
11909
11910
11911
11912
11915
11916
11917
11918
11919
11920
11921
11922
11923
11924
11925
11926
11927
11928
11929
11930
11931
11932
11933
11934
11935
11936
11937
11938
11939
11940
11941
11942
11943
11944
11945
11946
11947
11948
11949
11950
11951
11952
11953
11954
11955
11956
11957
11958
11959
11960
11961
11962
11963
11964
11965
11966
11967
11968
11969
11970
11971
11972
11973
11974
11975
11976
11977
11978
11979
11980
11981
11982
11983
11984
11985
11986
11987
11988
11989
11990
11991
11992
11993
11994
11995
11996
11997
11998
11999
12000
12001
12002
12003
12004
12005
12006
12007
12008
12009
12010
12011
12012
12013
12014
12015
12016
12017
12018
12019
12020
12021
12022
12023
12024
12025
12026
12027
12028
12029
12030
12031
12032
12033
12034
12035
12036
12037
12038
12039
12040
12041
12042
12043
12044
12045
12046
12047
12048
12049
12050
12051
12052
12053
12054
12055
12056
12057
12058
12059
12060
12061
12062
12063
12064
12065
12066
12067
12068
12069
12070
12071
12072
12073
12074
12075
12076
12077
12078
12079
12080
12081
12082
12083
12084
12085
12086
12087
12088
12089
12090
12091
12092
12093
12094
12095
12096
12097
12098
12099
12100
12101
12102
12103
12104
12105
12106
12107
12108
12109
12110
12111
12112
12113
12114
12115
12116
12117
12118
12119
12120
12121
12122
12123
12124
12125
12126
12127
12128
12129
12130
12131
12132
12133
12134
12135
12136
12137
12138
12139
12140
12141
12142
12143
12144
12145
12146
12147
12148
12149
12150
12151
12152
12153
12154
12155
12156
12157
12158
12159
12160
12161
12162
12163
12164
12165
12166
12167
12168
12169
12170
12171
12172
12173
12174
12175
12176
12177
12178
12179
12180
12181
12182
12183
12184
12185
12186
12187
12188
12189
12190
12191
12192
12193
12194
12195
12196
12197
12198
12199
12200
12201
12202
12203
12204
12205
12206
12207
12208
12209
12210
12211
12212
12213
12214
12215
12216
12217
12218
12219
12220
12221
12222
12223
12224
12225
12226
12227
12228
12229
12230
12231
12232
12233
12234
12235
12236
12237
12238
12239
12240
12241
12242
12243
12244
12245
12246
12247
12248
12249
12250
12251
12252
12253
12254
12255
12256
12257
12258
12259
12260
12261
12262
12263
12264
12265
12266
12267
12268
12269
12270
12271
12272
12273
12274
12275
12276
12277
12278
12279
12280
12281
12282
12283
12284
12285
12286
12287
12288
12289
12290
12291
12292
12293
12294
12295
12296
12297
12298
12299
12300
12301
12302
12303
12304
12305
12306
12307
12308
12309
12310
12311
12312
12313
12314
12315
12316
12317
12318
12319
12320
12321
12322
12323
12324
12325
12326
12327
12328
12329
12330
12331
12332
12333
12334
12335
12336
12337
12338
12339
12340
12341
12342
12343
12344
12345
12346
12347
12348
12349
12350
12351
12352
12353
12354
12355
12356
12357
12358
12359
12360
12361
12362
12363
12364
12365
12366
12367
12368
12369
12370
12371
12372
12373
12374
12375
12376
12377
12378
12379
12380
12381
12382
12383
12384
12385
12386
12387
12388
12389
12390
12391
12392
12393
12394
12395
12396
12397
12398
12399
12400
12401
12402
12403
12404
12405
12406
12407
12408
12409
12410
12411
12412
12413
12414
12415
12416
12417
12418
12419
12420
12421
12422
12423
12424
12425
12426
12427
12428
12429
12430
12431
12432
12433
12434
12435
12436
12437
12438
12439
12440
12505
12506
12533
12555
12574
12598
12668
12671
12718
12750
12755
12767
12774
12775
12780
12787
12800
12801
12812
12823
12850
12876
12882
12894
12908
12910
12934
12944
12955
12961
12984
12988
13048
13054
13060
13073
13090
13114
13117
13119
13121
13125
13126
13139
13159
13173
13176
13178
13180
13182
13192
13198
13203
13204
13243
13249
13267
13333
13341
13352
13370
13371
13412
13434
13449
13514
13542
13563
13564
13583
13595
13616
13640
13646
13655
13657
13659
13674
13706
13783
13784
13789
13794
13815
13822
13842
13848
13860
13871
13884
13944
13948
13955
13977
13981
13993
14009
14013
14029
14054
14062
14076
14090
14093
14112
14127
14128
14140
14169
14207
14216
14308
14333
14341
14352
14361
14363
14391
14398
14403
14412
14420
14447
14463
14509
14519
14520
14529
14539
14573
14580
14583
14587
14601
14615
14632
14638
14639
14644
14645
14667
14676
14700
14702
14718
14736
14752
14777
14826
14845
14846
14869
14875
14880
14910
14930
14931
14953
14992
15003
15008
15015
15020
15050
15068
15073
15092
15097
15131
15137
15138
15220
15223
15259
15266
15268
15274
15298
15299
15300
15309
15313
15321
15341
15343
15344
15374
15381
15387
15389
15390
15401
15407
15426
15440
15461
15478
15497
15520
15533
15542
15549
15555
15559
15560
15569
15610
15649
15652
15654
15683
15691
15715
15741
15763
15765
15828
15843
15852
15865
15881
15896
15898
15900
15915
15932
15937
3616
3630
3684
3769
3784
3785
3837
3925
3926
3927
3928
3929
3940
3941
3942
3943
3995
3996
4088
4089
4090
4091
4092
4093
4100
4102
4103
4104
4105
4160
4254
4255
4256
4257
4258
4259
4262
4263
4264
4266
4267
4327
4423
4424
4425
4426
4427
4429
4430
4431
4432
4433
4434
4597
4599
4600
4601
4602
4603
4604
4605
4780
4781
4782
4783
12589
12592
13275
13511
13867
14010
14043
14334
15011
80
82
103
114
115
117
140
151
152
154
155
157
183
185
196
197
198
200
201
203
231
233
235
247
248
249
250
252
253
255
286
287
289
291
305
306
307
308
309
311
312
314
315
338
340
341
343
344
346
360
361
362
363
364
365
367
368
369
370
381
382
383
384
385
386
387
388
389
390
391
392
393
406
407
408
409
410
411
412
413
424
425
426
427
428
429
430
431
432
433
434
435
436
437
438
452
453
454
455
456
457
468
469
470
471
472
473
474
475
476
477
478
479
480
481
482
483
497
498
499
500
501
514
515
516
517
518
519
520
521
522
523
524
525
526
527
528
529
530
543
544
545
546
547
563
564
565
566
567
568
569
570
571
572
573
574
575
576
577
578
579
580
595
596
597
598
599
616
617
618
619
620
621
622
624
625
626
627
628
629
630
631
632
633
634
635
636
654
655
657
658
677
678
679
680
681
682
685
687
688
689
690
691
692
693
694
695
696
718
719
721
722
744
745
746
747
748
754
755
756
757
758
759
760
761
762
763
790
793
794
822
823
824
825
826
827
833
834
835
836
838
839
840
841
871
872
875
876
908
909
910
911
912
919
920
923
924
925
926
959
960
963
964
1003
1004
1005
1013
1014
1017
1018
1019
1020
1061
1064
1108
1109
1110
1111
1119
1120
1124
1125
1174
1179
1230
1231
1233
1240
1241
1246
1292
1357
1365
12469
12583
12622
12656
12682
12688
12694
12708
12733
12786
12867
12871
13137
13166
13401
13444
13461
13507
13546
13608
13710
13747
13854
14266
14438
14934
15391
15428
15430
15450
15454
15485
15494
15731
15934
